2.03762146e-04 0.00000000e+00 5.63806493e-22 0.00000000e+00 -2.50809594e-21 0.00000000e+00 1.90229662e-21 0.00000000e+00 5.06652697e-11 0.00000000e+00 -8.46098147e-12 0.00000000e+00 2.05621379e-21 0.00000000e+00 -1.33460833e-20 0.00000000e+00 0.00000000e+00 -1.52029330e-04 0.00000000e+00 -1.48151786e-04 0.00000000e+00 4.41108331e-19 0.00000000e+00 4.53061713e-21 0.00000000e+00 -1.89152428e-04 0.00000000e+00 -1.50116251e-04 0.00000000e+00 -5.34867794e-19 0.00000000e+00 6.19117990e-19
0.00000000e+00 2.03762146e-04 0.00000000e+00 1.69141948e-21 0.00000000e+00 -4.10597173e-21 0.00000000e+00 2.63823408e-21 0.00000000e+00 -4.32856695e-11 0.00000000e+00 4.41474181e-12 0.00000000e+00 5.62814016e-21 0.00000000e+00 -3.25493915e-21 1.52029330e-04 0.00000000e+00 -1.48151786e-04 0.00000000e+00 -7.40159438e-20 0.00000000e+00 3.72086362e-20 0.00000000e+00 1.42806883e-04 0.00000000e+00 -1.94697768e-04 0.00000000e+00 -1.17253842e-20 0.00000000e+00 -1.07889665e-19 0.00000000e+00
-9.34375822e-37 0.00000000e+00 2.03762146e-04 0.00000000e+00 -2.11742841e-21 0.00000000e+00 -2.27243169e-21 0.00000000e+00 8.46098146e-12 0.00000000e+00 5.06652697e-11 0.00000000e+00 -7.06416807e-21 0.00000000e+00 -8.89238680e-21 0.00000000e+00 0.00000000e+00 1.48151786e-04 0.00000000e+00 -1.52029330e-04 0.00000000e+00 -1.65298333e-19 0.00000000e+00 5.42797783e-20 0.00000000e+00 1.50116251e-04 0.00000000e+00 -1.89152428e-04 0.00000000e+00 2.97882989e-19 0.00000000e+00 -1.95551853e-19
0.00000000e+00 2.25522597e-21 0.00000000e+00 2.03762146e-04 0.00000000e+00 6.16189951e-21 0.00000000e+00 -1.21090992e-21 0.00000000e+00 -4.41474180e-12 0.00000000e+00 -4.32856695e-11 0.00000000e+00 -8.77100275e-21 0.00000000e+00 -2.07961305e-21 1.48151786e-04 0.00000000e+00 1.52029330e-04 0.00000000e+00 3.85248572e-19 0.00000000e+00 -5.42978641e-21 0.00000000e+00 1.94697768e-04 0.00000000e+00 1.42806883e-04 0.00000000e+00 -3.75189569e-19 0.00000000e+00 4.42247246e-19 0.00000000e+00
-2.50809594e-21 0.00000000e+00 -2.11742841e-21 0.00000000e+00 2.03762146e-04 0.00000000e+00 2.66826545e-14 0.00000000e+00 -4.08696156e-21 0.00000000e+00 -9.71377656e-22 0.00000000e+00 1.10132765e-10 0.00000000e+00 -1.76357303e-10 0.00000000e+00 0.00000000e+00 7.40159438e-20 0.00000000e+00 -3.85248572e-19 0.00000000e+00 -7.88066630e-04 0.00000000e+00 8.56486816e-05 0.00000000e+00 -8.31520329e-20 0.00000000e+00 1.35048082e-19 0.00000000e+00 4.55751214e-04 0.00000000e+00 -9.85266316e-04
0.00000000e+00 -4.10597173e-21 0.00000000e+00 6.16189951e-21 0.00000000e+00 2.03762146e-04 0.00000000e+00 1.15700977e-11 0.00000000e+00 -1.79813225e-21 0.00000000e+00 4.05724558e-21 0.00000000e+00 -1.10317758e-10 0.00000000e+00 1.68297696e-10 -4.41108331e-19 0.00000000e+00 1.65298333e-19 0.00000000e+00 7.88066630e-04 0.00000000e+00 -8.55987366e-05 0.00000000e+00 -7.47252637e-20 0.00000000e+00 3.74722930e-19 0.00000000e+00 -4.55779092e-04 0.00000000e+00 9.85102483e-04 0.00000000e+00
1.90229662e-21 0.00000000e+00 -2.27243169e-21 0.00000000e+00 2.66826442e-14 0.00000000e+00 2.03762146e-04 0.00000000e+00 3.58792592e-21 0.00000000e+00 -3.89207905e-21 0.00000000e+00 -4.37289477e-11 0.00000000e+00 7.55707277e-12 0.00000000e+00 0.00000000e+00 -3.72086362e-20 0.00000000e+00 5.42978641e-21 0.00000000e+00 8.55987366e-05 0.00000000e+00 -1.18089654e-04 0.00000000e+00 6.25305380e-20 0.00000000e+00 -1.45857196e-19 0.00000000e+00 1.76062942e-04 0.00000000e+00 5.72273036e-05
0.00000000e+00 2.63823408e-21 0.00000000e+00 -1.21090992e-21 0.00000000e+00 1.15700978e-11 0.00000000e+00 2.03762146e-04 0.00000000e+00 4.96140153e-21 0.00000000e+00 -3.68704939e-21 0.00000000e+00 5.17816238e-11 0.00000000e+00 -5.66805854e-12 -4.53061713e-21 0.00000000e+00 -5.42797783e-20 0.00000000e+00 -8.56486816e-05 0.00000000e+00 1.18089654e-04 0.00000000e+00 -9.19630814e-20 0.00000000e+00 -1.55488340e-19 0.00000000e+00 -1.75948262e-04 0.00000000e+00 -5.72805435e-05 0.00000000e+00
5.06652697e-11 0.00000000e+00 8.46098146e-12 0.00000000e+00 -4.08696156e-21 0.00000000e+00 3.58792592e-21 0.00000000e+00 2.03762146e-04 0.00000000e+00 -7.52141045e-36 0.00000000e+00 9.71955161e-21 0.00000000e+00 6.83709049e-21 0.00000000e+00 0.00000000e+00 -1.42806883e-04 0.00000000e+00 -1.94697768e-04 0.00000000e+00 7.47252637e-20 0.00000000e+00 9.19630814e-20 0.00000000e+00 -2.72228594e-04 0.00000000e+00 -3.01463198e-04 0.00000000e+00 -5.45968504e-19 0.00000000e+00 1.29661238e-19
0.00000000e+00 -4.32856695e-11 0.00000000e+00 -4.41474180e-12 0.00000000e+00 -1.79813225e-21 0.00000000e+00 4.96140153e-21 0.00000000e+00 2.03762146e-04 0.00000000e+00 -8.31614577e-21 0.00000000e+00 8.80065536e-21 0.00000000e+00 3.85730786e-21 1.89152428e-04 0.00000000e+00 -1.50116251e-04 0.00000000e+00 8.31520329e-20 0.00000000e+00 -6.25305380e-20 0.00000000e+00 2.72228594e-04 0.00000000e+00 -3.01463198e-04 0.00000000e+00 1.77031639e-19 0.00000000e+00 7.88448686e-20 0.00000000e+00
-8.46098147e-12 0.00000000e+00 5.06652697e-11 0.00000000e+00 -9.71377656e-22 0.00000000e+00 -3.89207905e-21 0.00000000e+00 -5.63806493e-21 0.00000000e+00 2.03762146e-04 0.00000000e+00 -9.09612624e-21 0.00000000e+00 -1.51096793e-20 0.00000000e+00 0.00000000e+00 1.94697768e-04 0.00000000e+00 -1.42806883e-04 0.00000000e+00 -3.74722930e-19 0.00000000e+00 1.55488340e-19 0.00000000e+00 3.01463198e-04 0.00000000e+00 -2.72228594e-04 0.00000000e+00 3.38661364e-19 0.00000000e+00 -4.18886384e-19
0.00000000e+00 4.41474181e-12 0.00000000e+00 -4.32856695e-11 0.00000000e+00 4.05724558e-21 0.00000000e+00 -3.68704939e-21 0.00000000e+00 -6.69520210e-21 0.00000000e+00 2.03762146e-04 0.00000000e+00 -9.85388827e-21 0.00000000e+00 2.25125698e-20 1.50116251e-04 0.00000000e+00 1.89152428e-04 0.00000000e+00 -1.35048082e-19 0.00000000e+00 1.45857196e-19 0.00000000e+00 3.01463198e-04 0.00000000e+00 2.72228594e-04 0.00000000e+00 -4.85108291e-19 0.00000000e+00 7.38109942e-20 0.00000000e+00
2.05621379e-21 0.00000000e+00 -7.06416807e-21 0.00000000e+00 1.10132765e-10 0.00000000e+00 -4.37289477e-11 0.00000000e+00 9.71955161e-21 0.00000000e+00 -9.09612624e-21 0.00000000e+00 2.03762146e-04 0.00000000e+00 1.70647877e-10 0.00000000e+00 0.00000000e+00 1.17253842e-20 0.00000000e+00 3.75189569e-19 0.00000000e+00 4.55779092e-04 0.00000000e+00 1.75948262e-04 0.00000000e+00 -1.77031639e-19 0.00000000e+00 4.85108291e-19 0.00000000e+00 -1.56145477e-03 0.00000000e+00 9.24724399e-04
0.00000000e+00 5.62814016e-21 0.00000000e+00 -8.77100275e-21 0.00000000e+00 -1.10317758e-10 0.00000000e+00 5.17816237e-11 0.00000000e+00 8.80065536e-21 0.00000000e+00 -9.85388827e-21 0.00000000e+00 2.03762146e-04 0.00000000e+00 -1.73044876e-10 5.34867794e-19 0.00000000e+00 -2.97882989e-19 0.00000000e+00 -4.55751214e-04 0.00000000e+00 -1.76062942e-04 0.00000000e+00 5.45968504e-19 0.00000000e+00 -3.38661364e-19 0.00000000e+00 1.56145477e-03 0.00000000e+00 -9.24598852e-04 0.00000000e+00
-1.33460833e-20 0.00000000e+00 -8.89238680e-21 0.00000000e+00 -1.76357303e-10 0.00000000e+00 7.55707276e-12 0.00000000e+00 6.83709049e-21 0.00000000e+00 -1.51096793e-20 0.00000000e+00 1.70647877e-10 0.00000000e+00 2.03762146e-04 0.00000000e+00 0.00000000e+00 1.07889665e-19 0.00000000e+00 -4.42247246e-19 0.00000000e+00 -9.85102483e-04 0.00000000e+00 5.72805435e-05 0.00000000e+00 -7.88448686e-20 0.00000000e+00 -7.38109942e-20 0.00000000e+00 9.24598852e-04 0.00000000e+00 -2.64750609e-03
0.00000000e+00 -3.25493915e-21 0.00000000e+00 -2.07961305e-21 0.00000000e+00 1.68297696e-10 0.00000000e+00 -5.66805855e-12 0.00000000e+00 3.85730786e-21 0.00000000e+00 2.25125698e-20 0.00000000e+00 -1.73044876e-10 0.00000000e+00 2.03762146e-04 -6.19117990e-19 0.00000000e+00 1.95551853e-19 0.00000000e+00 9.85266316e-04 0.00000000e+00 -5.72273036e-05 0.00000000e+00 -1.29661238e-19 0.00000000e+00 4.18886384e-19 0.00000000e+00 -9.24724399e-04 0.00000000e+00 2.64750609e-03 0.00000000e+00
0.00000000e+00 1.52029330e-04 0.00000000e+00 1.48151786e-04 0.00000000e+00 -4.41108331e-19 0.00000000e+00 -4.53061713e-21 0.00000000e+00 1.89152428e-04 0.00000000e+00 1.50116251e-04 0.00000000e+00 5.34867794e-19 0.00000000e+00 -6.19117990e-19 2.03762146e-04 0.00000000e+00 5.63806493e-22 0.00000000e+00 -2.50809594e-21 0.00000000e+00 1.90229662e-21 0.00000000e+00 5.06652697e-11 0.00000000e+00 -8.46098147e-12 0.00000000e+00 2.05621379e-21 0.00000000e+00 -1.33460833e-20 0.00000000e+00
-1.52029330e-04 0.00000000e+00 1.48151786e-04 0.00000000e+00 7.40159438e-20 0.00000000e+00 -3.72086362e-20 0.00000000e+00 -1.42806883e-04 0.00000000e+00 1.94697768e-04 0.00000000e+00 1.17253842e-20 0.00000000e+00 1.07889665e-19 0.00000000e+00 0.00000000e+00 2.03762146e-04 0.00000000e+00 1.69141948e-21 0.00000000e+00 -4.10597173e-21 0.00000000e+00 2.63823408e-21 0.00000000e+00 -4.32856695e-11 0.00000000e+00 4.41474181e-12 0.00000000e+00 5.62814016e-21 0.00000000e+00 -3.25493915e-21
0.00000000e+00 -1.48151786e-04 0.00000000e+00 1.52029330e-04 0.00000000e+00 1.65298333e-19 0.00000000e+00 -5.42797783e-20 0.00000000e+00 -1.50116251e-04 0.00000000e+00 1.89152428e-04 0.00000000e+00 -2.97882989e-19 0.00000000e+00 1.95551853e-19 1.01260324e-36 0.00000000e+00 2.03762146e-04 0.00000000e+00 -2.11742841e-21 0.00000000e+00 -2.27243169e-21 0.00000000e+00 8.46098146e-12 0.00000000e+00 5.06652697e-11 0.00000000e+00 -7.06416807e-21 0.00000000e+00 -8.89238680e-21 0.00000000e+00
-1.48151786e-04 0.00000000e+00 -1.52029330e-04 0.00000000e+00 -3.85248572e-19 0.00000000e+00 5.42978641e-21 0.00000000e+00 -1.94697768e-04 0.00000000e+00 -1.42806883e-04 0.00000000e+00 3.75189569e-19 0.00000000e+00 -4.42247246e-19 0.00000000e+00 0.00000000e+00 2.25522597e-21 0.00000000e+00 2.03762146e-04 0.00000000e+00 6.16189951e-21 0.00000000e+00 -1.21090992e-21 0.00000000e+00 -4.41474180e-12 0.00000000e+00 -4.32856695e-11 0.00000000e+00 -8.77100275e-21 0.00000000e+00 -2.07961305e-21
0.00000000e+00 -7.40159438e-20 0.00000000e+00 3.85248572e-19 0.00000000e+00 7.88066630e-04 0.00000000e+00 -8.56486816e-05 0.00000000e+00 8.31520329e-20 0.00000000e+00 -1.35048082e-19 0.00000000e+00 -4.55751214e-04 0.00000000e+00 9.85266316e-04 -2.50809594e-21 0.00000000e+00 -2.11742841e-21 0.00000000e+00 2.03762146e-04 0.00000000e+00 2.66826646e-14 0.00000000e+00 -4.08696156e-21 0.00000000e+00 -9.71377656e-22 0.00000000e+00 1.10132765e-10 0.00000000e+00 -1.76357303e-10 0.00000000e+00
4.41108331e-19 0.00000000e+00 -1.65298333e-19 0.00000000e+00 -7.88066630e-04 0.00000000e+00 8.55987366e-05 0.00000000e+00 7.47252637e-20 0.00000000e+00 -3.74722930e-19 0.00000000e+00 4.55779092e-04 0.00000000e+00 -9.85102483e-04 0.00000000e+00 0.00000000e+00 -4.10597173e-21 0.00000000e+00 6.16189951e-21 0.00000000e+00 2.03762146e-04 0.00000000e+00 1.15700977e-11 0.00000000e+00 -1.79813225e-21 0.00000000e+00 4.05724558e-21 0.00000000e+00 -1.10317758e-10 0.00000000e+00 1.68297696e-10
0.00000000e+00 3.72086362e-20 0.00000000e+00 -5.42978641e-21 0.00000000e+00 -8.55987366e-05 0.00000000e+00 1.18089654e-04 0.00000000e+00 -6.25305380e-20 0.00000000e+00 1.45857196e-19 0.00000000e+00 -1.76062942e-04 0.00000000e+00 -5.72273036e-05 1.90229662e-21 0.00000000e+00 -2.27243169e-21 0.00000000e+00 2.66826341e-14 0.00000000e+00 2.03762146e-04 0.00000000e+00 3.58792592e-21 0.00000000e+00 -3.89207905e-21 0.00000000e+00 -4.37289477e-11 0.00000000e+00 7.55707277e-12 0.00000000e+00
4.53061713e-21 0.00000000e+00 5.42797783e-20 0.00000000e+00 8.56486816e-05 0.00000000e+00 -1.18089654e-04 0.00000000e+00 9.19630814e-20 0.00000000e+00 1.55488340e-19 0.00000000e+00 1.75948262e-04 0.00000000e+00 5.72805435e-05 0.00000000e+00 0.00000000e+00 2.63823408e-21 0.00000000e+00 -1.21090992e-21 0.00000000e+00 1.15700978e-11 0.00000000e+00 2.03762146e-04 0.00000000e+00 4.96140153e-21 0.00000000e+00 -3.68704939e-21 0.00000000e+00 5.17816238e-11 0.00000000e+00 -5.66805854e-12
0.00000000e+00 1.42806883e-04 0.00000000e+00 1.94697768e-04 0.00000000e+00 -7.47252637e-20 0.00000000e+00 -9.19630814e-20 0.00000000e+00 2.72228594e-04 0.00000000e+00 3.01463198e-04 0.00000000e+00 5.45968504e-19 0.00000000e+00 -1.29661238e-19 5.06652697e-11 0.00000000e+00 8.46098146e-12 0.00000000e+00 -4.08696156e-21 0.00000000e+00 3.58792592e-21 0.00000000e+00 2.03762146e-04 0.00000000e+00 -4.88290027e-36 0.00000000e+00 9.71955161e-21 0.00000000e+00 6.83709049e-21 0.00000000e+00
-1.89152428e-04 0.00000000e+00 1.50116251e-04 0.00000000e+00 -8.31520329e-20 0.00000000e+00 6.25305380e-20 0.00000000e+00 -2.72228594e-04 0.00000000e+00 3.01463198e-04 0.00000000e+00 -1.77031639e-19 0.00000000e+00 -7.88448686e-20 0.00000000e+00 0.00000000e+00 -4.32856695e-11 0.00000000e+00 -4.41474180e-12 0.00000000e+00 -1.79813225e-21 0.00000000e+00 4.96140153e-21 0.00000000e+00 2.03762146e-04 0.00000000e+00 -8.31614577e-21 0.00000000e+00 8.80065536e-21 0.00000000e+00 3.85730786e-21
0.00000000e+00 -1.94697768e-04 0.00000000e+00 1.42806883e-04 0.00000000e+00 3.74722930e-19 0.00000000e+00 -1.55488340e-19 0.00000000e+00 -3.01463198e-04 0.00000000e+00 2.72228594e-04 0.00000000e+00 -3.38661364e-19 0.00000000e+00 4.18886384e-19 -8.46098147e-12 0.00000000e+00 5.06652697e-11 0.00000000e+00 -9.71377656e-22 0.00000000e+00 -3.89207905e-21 0.00000000e+00 -5.63806493e-21 0.00000000e+00 2.03762146e-04 0.00000000e+00 -9.09612624e-21 0.00000000e+00 -1.51096793e-20 0.00000000e+00
-1.50116251e-04 0.00000000e+00 -1.89152428e-04 0.00000000e+00 1.35048082e-19 0.00000000e+00 -1.45857196e-19 0.00000000e+00 -3.01463198e-04 0.00000000e+00 -2.72228594e-04 0.00000000e+00 4.85108291e-19 0.00000000e+00 -7.38109942e-20 0.00000000e+00 0.00000000e+00 4.41474181e-12 0.00000000e+00 -4.32856695e-11 0.00000000e+00 4.05724558e-21 0.00000000e+00 -3.68704939e-21 0.00000000e+00 -6.69520210e-21 0.00000000e+00 2.03762146e-04 0.00000000e+00 -9.85388827e-21 0.00000000e+00 2.25125698e-20
0.00000000e+00 -1.17253842e-20 0.00000000e+00 -3.75189569e-19 0.00000000e+00 -4.55779092e-04 0.00000000e+00 -1.75948262e-04 0.00000000e+00 1.77031639e-19 0.00000000e+00 -4.85108291e-19 0.00000000e+00 1.56145477e-03 0.00000000e+00 -9.24724399e-04 2.05621379e-21 0.00000000e+00 -7.06416807e-21 0.00000000e+00 1.10132765e-10 0.00000000e+00 -4.37289477e-11 0.00000000e+00 9.71955161e-21 0.00000000e+00 -9.09612624e-21 0.00000000e+00 2.03762146e-04 0.00000000e+00 1.70647877e-10 0.00000000e+00
-5.34867794e-19 0.00000000e+00 2.97882989e-19 0.00000000e+00 4.55751214e-04 0.00000000e+00 1.76062942e-04 0.00000000e+00 -5.45968504e-19 0.00000000e+00 3.38661364e-19 0.00000000e+00 -1.56145477e-03 0.00000000e+00 9.24598852e-04 0.00000000e+00 0.00000000e+00 5.62814016e-21 0.00000000e+00 -8.77100275e-21 0.00000000e+00 -1.10317758e-10 0.00000000e+00 5.17816237e-11 0.00000000e+00 8.80065536e-21 0.00000000e+00 -9.85388827e-21 0.00000000e+00 2.03762146e-04 0.00000000e+00 -1.73044876e-10
0.00000000e+00 -1.07889665e-19 0.00000000e+00 4.42247246e-19 0.00000000e+00 9.85102483e-04 0.00000000e+00 -5.72805435e-05 0.00000000e+00 7.88448686e-20 0.00000000e+00 7.38109942e-20 0.00000000e+00 -9.24598852e-04 0.00000000e+00 2.64750609e-03 -1.33460833e-20 0.00000000e+00 -8.89238680e-21 0.00000000e+00 -1.76357303e-10 0.00000000e+00 7.55707276e-12 0.00000000e+00 6.83709049e-21 0.00000000e+00 -1.51096793e-20 0.00000000e+00 1.70647877e-10 0.00000000e+00 2.03762146e-04 0.00000000e+00
6.19117990e-19 0.00000000e+00 -1.95551853e-19 0.00000000e+00 -9.85266316e-04 0.00000000e+00 5.72273036e-05 0.00000000e+00 1.29661238e-19 0.00000000e+00 -4.18886384e-19 0.00000000e+00 9.24724399e-04 0.00000000e+00 -2.64750609e-03 0.00000000e+00 0.00000000e+00 -3.25493915e-21 0.00000000e+00 -2.07961305e-21 0.00000000e+00 1.68297696e-10 0.00000000e+00 -5.66805855e-12 0.00000000e+00 3.85730786e-21 0.00000000e+00 2.25125698e-20 0.00000000e+00 -1.73044876e-10 0.00000000e+00 2.03762146e-04
